# R script for Peak Model
#  -- generated by MACS
p <- c(0.027401109011645858,0.03197714934960683,0.03660832270368782,0.04120641624809681,0.04576040337960978,0.045859642808625804,0.04593682903119382,0.0453524190603217,0.04602504185698584,0.0463117335408099,0.04593682903119382,0.04577142998283378,0.045595004331249744,0.045561924521577736,0.04577142998283378,0.04555089791835374,0.04562808414092175,0.045561924521577736,0.046002988650537834,0.045969908840865825,0.04617941430212187,0.04595888223764182,0.04605812166665785,0.04614633449244986,0.04593682903119382,0.04612428128600186,0.04589272261829781,0.046157361095673866,0.04594785563441782,0.045595004331249744,0.04562808414092175,0.04555089791835374,0.04550679150545773,0.04562808414092175,0.045231126424857666,0.04547371169578572,0.0453524190603217,0.044889301724913594,0.04502162096360162,0.045561924521577736,0.045639110744145756,0.04608017487310585,0.04608017487310585,0.04562808414092175,0.04626762712791389,0.04606914826988185,0.04645507938272193,0.047304127830970114,0.04729310122774611,0.04687409030523402,0.04655431881173795,0.04673074446332199,0.04695127652780204,0.04729310122774611,0.04718283519550608,0.047127702179386076,0.046708691256873984,0.046521239002065944,0.04638891976337792,0.04625660052468989,0.046234547318241885,0.046002988650537834,0.04602504185698584,0.04568321715704177,0.045672190553817764,0.045903749221521815,0.046113254682777854,0.04572732356993778,0.045484738299009723,0.045969908840865825,0.04617941430212187,0.046047095063433845,0.0463117335408099,0.046377893160153914,0.046190440905345874,0.04608017487310585,0.04612428128600186,0.04622352071501788,0.046300706937585895,0.04579348318928179,0.04560603093447375,0.04541857867966571,0.04516496680551366,0.04524215302808167,0.04525317963130567,0.04505470077327363,0.04486724851846559,0.044790062295897576,0.044790062295897576,0.044856221915241586,0.044889301724913594,0.04513188699584165,0.045153940202289654,0.0449003283281376,0.044823142105569584,0.04438207797660949,0.044558503628193524,0.044337971563713476,0.0444372109927295,0.044271811944369466,0.044040253276665414,0.04406230648311342,0.04409538629278543,0.044668769660433545,0.04473492927977756,0.04510983378939364,0.04505470077327363,0.0453634456635457,0.0453524190603217,0.04553987131512974,0.045672190553817764,0.04577142998283378,0.045220099821633664,0.04494443474103361,0.044856221915241586,0.04462466324753754,0.04461363664431354,0.04517599340873766,0.0453744722667697,0.04516496680551366,0.04516496680551366,0.0453744722667697,0.0453965254732177,0.045672190553817764,0.04569424376026577,0.04599196204731383,0.04589272261829781,0.045495764902233726,0.04499956775715362,0.044977514550705616,0.044933408137809605,0.04494443474103361,0.04544063188611371,0.0453524190603217,0.045826562998953796,0.04544063188611371,0.04569424376026577,0.04557295112480174,0.045528844711905735,0.04589272261829781,0.04636686655692991,0.04645507938272193,0.046488159192393935,0.046532265605289946,0.04627865373113789,0.04687409030523402,0.04659842522463396,0.04665355824075397,0.04687409030523402,0.0472379682116261,0.0472379682116261,0.04687409030523402,0.04662047843108197,0.046234547318241885,0.04595888223764182,0.04591477582474582,0.04622352071501788,0.04614633449244986,0.04608017487310585,0.04565013734736976,0.045451658489337715,0.045407552076441704,0.045595004331249744,0.04638891976337792,0.04690717011490603,0.047083595766490065,0.04711667557616207,0.04743644706965814,0.04761287272124218,0.04780032497605022,0.04732618103741812,0.04721591500517809,0.047271048021298105,0.04684101049556201,0.0463117335408099,0.04645507938272193,0.04626762712791389,0.045749376776385776,0.045826562998953796,0.04555089791835374,0.04579348318928179,0.046014015253761836,0.045595004331249744,0.04529728604420168,0.04598093544408983,0.04550679150545773,0.04570527036348977,0.04622352071501788,0.046002988650537834,0.046521239002065944,0.04651021239884194,0.04698435633747405,0.04763492592769018,0.048009830437306264,0.04752465989545016,0.04766800573736219,0.04737028745031412,0.046785877479442003,0.046940249924578036,0.04692922332135403,0.04776724516637821,0.0472489948148501,0.04709462236971407,0.04673074446332199,0.046896143511682024,0.04706154256004206,0.04754671310189816,0.04853910739205838,0.04848397437593836,0.048384734946922345,0.0477341653567062,0.04788853780184223,0.0476900589438102,0.04780032497605022,0.047932644214738244,0.04795469742118625,0.04792161761151424,0.047568766308346166,0.04775621856315421,0.04763492592769018,0.04791059100829024,0.04787751119861824,0.04808701665987428,0.04821933589856231,0.04823036250178631,0.048384734946922345,0.04804291024697827,0.048053936850202275,0.048164202882442296,0.04825241570823431,0.04808701665987428,0.04858321380495439,0.0486493734242984,0.048947091711346466,0.04893606510812246,0.04842884135981835,0.04841781475659435,0.04856116059850638,0.04858321380495439,0.0486604000275224,0.04936610263385855,0.04900222472746647,0.04832960193080233,0.048241389105010316,0.04850602758238637,0.04907941095003449,0.04955355488866659,0.04938815584030656,0.049796140159594646,0.04991743279505867,0.04916762377582651,0.048781692662986424,0.049310969617738544,0.04895811831457047,0.049123517362930504,0.048858878885554444,0.048858878885554444,0.04906838434681049,0.048197282692114304,0.048241389105010316,0.04851705418561037,0.04938815584030656,0.049718953937026626,0.05018207127243473,0.04970792733380262,0.04991743279505867,0.049895379588610664,0.05047978955948279,0.05114138575292293,0.050909827085218885,0.05129575819805896,0.050722374830410845,0.05047978955948279,0.05046876295625879,0.050689295020738837,0.05061210879817082,0.05085469406909887,0.050237204288554736,0.05061210879817082,0.05092085368844289,0.05089880048199488,0.051284731594834966,0.05139499762707499,0.05170374251734705,0.05211172683663514,0.05226609928177117,0.052497657949475224,0.05276229642685128,0.05245355153657921,0.052056593820515126,0.052089673630187135,0.05259689737849124,0.052905642268763306,0.05291666887198731,0.05303796150745134,0.05349005223963543,0.05389803655892352,0.054350127291107615,0.054802218023291716,0.055838718726347936,0.0565995543488041,0.056875219429404156,0.05764708165508432,0.0589261676290686,0.059433391377372705,0.060061907761140836,0.06008396096758884,0.06075658376425299,0.061296887322229106,0.062245175199493304,0.062476733867197355,0.06329270250577353,0.06350220796702957,0.06365658041216561,0.0640535381282297,0.06459384168620581,0.06480334714746185,0.06520030486352593,0.06564136899248603,0.06607140651822212,0.06652349725040622,0.06665581648909424,0.06722919985674237,0.06726227966641438,0.0678797694469585,0.06808927490821455,0.0687729243081027,0.0687398444984307,0.06919193523061479,0.06912577561127077,0.06940144069187083,0.06956683974023087,0.06932425446930282,0.06943452050154285,0.06951170672411086,0.06959991954990288,0.06984250482083093,0.06974326539181491,0.06984250482083093,0.06931322786607881,0.06942349389831884,0.07000790386919097,0.07060334044328709,0.07129801644639924,0.0715516283205513,0.07201474565595939,0.07222425111721544,0.07280866108808756,0.07301816654934361,0.07367976274278375,0.0739444012201598,0.07383413518791979,0.07415390668141585,0.07444059836523992,0.07463907722327195,0.07483755608130399,0.0753778596392801,0.07584097697468821,0.0762269080875283,0.0771862225680165,0.07745086104539256,0.07829990949364074,0.07917101114833693,0.07943564962571298,0.07988774035789707,0.08058241636100923,0.08149762442860142,0.08224743344783358,0.08277671040258569,0.08335009377023382,0.08404476977334596,0.08434248806039403,0.08476149898290612,0.08519153650864221,0.0860846913697864,0.08616187759235441,0.08669115454710653,0.0870219526438266,0.0879702405210908,0.08849951747584292,0.08956909798857114,0.08996605570463523,0.09049533265938735,0.09119000866249949,0.0912561682818435,0.09199495069785167,0.09239190841391574,0.09367099438790003,0.09417821813620413,0.09481776112319627,0.09471852169418024,0.09554551693598043,0.09618505992297256,